fpath,feat_power_01,feat_power_02,feat_power_03,feat_power_04,feat_power_05,feat_power_06,feat_power_07,feat_power_08,feat_power_09,feat_power_10,feat_power_11,feat_power_12
airplanes_0001.jpg,0.2165998133978609,0.12334947974117685,0.09391663985018382,0.06660781932918744,0.04732027244636644,0.02283201780984928,0.027507501583665817,0.04885056777919093,0.08854553773686055,0.22963982270348085,0.034080504600899564,0.0007500230212811429
airplanes_0002.jpg,0.20508856201817674,0.11170595776929107,0.084403595250211,0.05343707757975784,0.034027392055903403,0.01600837742531061,0.02415199357466013,0.045141329321096685,0.08711106319864308,0.2936349111907469,0.04480361141840203,0.0004861291978034117
airplanes_0003.jpg,0.20230717663129905,0.11829215698143362,0.09321142316575608,0.0691784403457833,0.05175586090989316,0.025182285012689484,0.029227896515516275,0.05242314169330933,0.09590343807034944,0.22197413848849454,0.03973366406835465,0.0008103781171275742
airplanes_0004.jpg,0.1789187462803195,0.12031109370078108,0.0954585200652924,0.07299231235277275,0.056705700638668186,0.026743718236131538,0.03019021123948953,0.05152879155254854,0.09487162297146012,0.2255354359178205,0.04597708015987082,0.0007667668848492629
airplanes_0005.jpg,0.19131169813204868,0.11044900224186543,0.08045986922935558,0.06011757800108511,0.04650830788419701,0.022674007747005984,0.0274248799679547,0.051868355691408616,0.1086147137693694,0.2684050263277449,0.031765756337720955,0.0004008046702469674
airplanes_0006.jpg,0.2162835620686102,0.10763816287099208,0.07649120278904822,0.052347074537249294,0.04028716390414347,0.019703533692920758,0.021791512804026605,0.036712511256318525,0.08022181773973246,0.3033833792711603,0.04402974011001207,0.0011103389557886967
airplanes_0007.jpg,0.2120776350341975,0.11392778282424873,0.08384852921186367,0.06080806548970227,0.045121504277266834,0.021721095684466483,0.0249252938126468,0.0446083506316129,0.09284956766243978,0.2608139016749571,0.03851410372574759,0.0007841699708467237
airplanes_0008.jpg,0.22189460600278027,0.12593687413583846,0.0941093849110652,0.0706236023576853,0.04952553875681602,0.0251843537103398,0.02298779773566184,0.03692297969535281,0.08310507300035433,0.2273426706046409,0.041694858239522785,0.0006722608499463891
airplanes_0009.jpg,0.2274863692482109,0.11502883662897682,0.0839827365000872,0.060800394743113724,0.04466595113280871,0.022919957981825008,0.025053943473877405,0.04320454065500226,0.08093502188124857,0.2525833430985874,0.042596657618475135,0.0007422470377825598
airplanes_0010.jpg,0.22988807706405184,0.10085651692613892,0.07598268697413564,0.05520834058421386,0.0432509309432757,0.02138688352373616,0.02322061408536306,0.03944172060015813,0.07919500215304824,0.2812556722335478,0.049374064490255457,0.0009394904220754684
airplanes_0011.jpg,0.2188300858821961,0.11202150106565127,0.0777026575685159,0.05855582248065755,0.04452833398513677,0.022765462611434386,0.025804143763900275,0.04171251800444928,0.07793464428328195,0.273231391056226,0.0460554843364536,0.0008579549620966085
airplanes_0012.jpg,0.24987064349837765,0.12668517046643896,0.08174300078777003,0.053730780415855946,0.04187451152673302,0.018677236692565387,0.02468185051009196,0.044032128812421516,0.09049798798496966,0.23223828025052545,0.03534707581989217,0.0006213332343547492
airplanes_0013.jpg,0.22418408907341672,0.11323340250258795,0.0873639811734362,0.06860364174896035,0.04806035373898236,0.020402708347666748,0.028445608161931382,0.04415575713109123,0.06956852353017301,0.2424625600742995,0.052256266798910975,0.0012631077185395767
airplanes_0014.jpg,0.2332552951082145,0.1281208580890128,0.0856471869855941,0.05132398833984318,0.03586352895010274,0.017637386812687332,0.02325751304517592,0.03724645606146682,0.07407365791781473,0.2703795415988544,0.04268453490496717,0.00051005218626989
airplanes_0015.jpg,0.19074614840877208,0.13045948837719207,0.0956922497872434,0.07327665127570034,0.05548174767678515,0.0220735682462516,0.022645702920384897,0.04285633410323431,0.08460805016272581,0.2364605274533422,0.0450678746337054,0.0006316569546668014
airplanes_0016.jpg,0.23941908584324176,0.11499157550288087,0.07763842988738716,0.05111767496119842,0.04175922395846457,0.020707199949704123,0.023824120786025117,0.038655463763568376,0.07762260726633342,0.271920437535555,0.04104207780714747,0.00130210273849587
airplanes_0017.jpg,0.2274522715467659,0.12283104720764355,0.0888812974677763,0.061038369584449276,0.04929397685560298,0.021051669490366454,0.023621572745508718,0.04279646501245003,0.0819350463699771,0.2409032497321668,0.039319128114828114,0.0008759058724662832
airplanes_0018.jpg,0.21693745271142453,0.121957736021026,0.09069123718715012,0.06816726630520505,0.05242806960914394,0.02205257093633785,0.024276470901856504,0.04413452007752786,0.0805344939945007,0.2297271400647852,0.04793270592447724,0.0011603362665692973
airplanes_0019.jpg,0.2064949203426433,0.1086249375567827,0.0758698941247641,0.056366445546097765,0.038710238942242514,0.01969004293404562,0.026114709567009214,0.04968323805093573,0.0906419133568855,0.2911680006953835,0.035752995103739534,0.0008826637794708918
airplanes_0020.jpg,0.22035686055336448,0.10610388047875877,0.0828170077151626,0.0591404041649858,0.041495350963325205,0.02379295963394696,0.032501070535726116,0.05606187800590159,0.08546890924941151,0.2558076952941828,0.03589684996355488,0.000557133441677099
airplanes_0021.jpg,0.2129920320907419,0.12237920645052627,0.09036859027689684,0.06632322751979322,0.05146752158243823,0.025459732885709813,0.02875718978916889,0.04747120784720655,0.08317341582130673,0.22554263338074115,0.045339417872256704,0.0007258244832119348
airplanes_0022.jpg,0.2366792921770569,0.11175472243259696,0.08433079027290905,0.0609438691803278,0.045818733440337184,0.02473142956188743,0.02752942964922921,0.0442985853332413,0.0828092482146027,0.24179115358392675,0.03859130470353304,0.0007214414503533869
airplanes_0023.jpg,0.2139591484486044,0.1036073163912782,0.06855085928138914,0.04586006637773605,0.03240296414092461,0.020815368829231285,0.028629501615657593,0.0479876314418665,0.1087141033967026,0.3100735365575195,0.01910934979206437,0.0002901537270228023
airplanes_0024.jpg,0.2543696961682889,0.1250322956182476,0.08044398303694134,0.060274233899957376,0.04831470042725389,0.022052316799187014,0.02623711764125921,0.040438748875680455,0.08036007960853447,0.2239681549464209,0.03753250447351352,0.000976168504715574
airplanes_0025.jpg,0.2579622285748593,0.13808052150301853,0.09730335383846953,0.061236321602854416,0.04591945807374021,0.020029472478810224,0.02608977511222469,0.04439936648511534,0.08121545515323557,0.1955091993805524,0.03162843323201458,0.0006264145651095205
airplanes_0026.jpg,0.2201674069588392,0.11291783220560785,0.08238171790521531,0.0626854287417362,0.04960235022910553,0.02110848524185663,0.02124060088075937,0.040365819087025814,0.08247909356590638,0.2567168434423349,0.04958257553774801,0.0007518462038662207
airplanes_0027.jpg,0.2360355355100149,0.11365100090600914,0.08699834684081396,0.06304558587837325,0.0574268648857237,0.02147017837352639,0.0209061733377902,0.0373700864295688,0.07300767134074627,0.2366682421910718,0.052162648313631835,0.0012576659927361054
airplanes_0028.jpg,0.2237410804076925,0.10559469732864593,0.07518039967512805,0.05562838479137063,0.04471631452406357,0.02146861477842345,0.02197270239584209,0.038939670242413064,0.09128040925436376,0.27808657711435103,0.042525213481410896,0.0008659360062921982
airplanes_0029.jpg,0.2273765068197131,0.09754925580780067,0.07169638057941942,0.054162325369341735,0.04395109980309195,0.019831875011611075,0.022331368590430986,0.03845079520409767,0.09119364614072537,0.29428791874924176,0.03832761496791207,0.0008412129566132847
airplanes_0030.jpg,0.22055097858717773,0.11777166060070328,0.08475141124564589,0.06303327381572664,0.0472883897431144,0.02123478409475636,0.025262088873156948,0.04765346162193068,0.08955313061004484,0.2364501004186621,0.04563276425494783,0.0008179561341342411
airplanes_0031.jpg,0.2213882864014991,0.09937406998627588,0.06450208160542176,0.04775761128333682,0.038792997390131916,0.018672178307091215,0.018471238705680185,0.034582036614570134,0.0798647072604861,0.3300128248853071,0.046167517233184886,0.0004144503270166069
airplanes_0032.jpg,0.22728870605760856,0.11401679997359795,0.08373178211405863,0.0604941581654658,0.047214898210133326,0.023440627940720486,0.02319251519531932,0.04032999763447962,0.08488676810506662,0.2519622731298849,0.042396993336886415,0.0010444801367797977
airplanes_0033.jpg,0.2451217635851053,0.13606544094342893,0.08662332454390262,0.05714212006364184,0.0390114798861007,0.02152896149865633,0.025321273948790392,0.0440418030000439,0.07954993457364963,0.230143356451617,0.034769374420578016,0.0006811670844884398
airplanes_0034.jpg,0.21947023659665948,0.11369426282534807,0.08200732225399983,0.05604601750225608,0.0431580443849204,0.02290237798050889,0.024856084815783924,0.04414987227989287,0.0913446948136278,0.26344974165637824,0.038201031457352916,0.0007203134332733139
airplanes_0035.jpg,0.1938186589289488,0.12933705597805606,0.09742926777861603,0.06735507760893439,0.049420820586525485,0.022125863776282784,0.023357018218500537,0.042620242537583335,0.08524344324378584,0.22901918268277194,0.05953368536639533,0.0007396832936025676
airplanes_0036.jpg,0.2099968260489005,0.12057786750156528,0.09004211071774736,0.07064249219835662,0.05627171149059828,0.032832817686863726,0.030626060550900218,0.04488849643595641,0.08079652819354892,0.22268848769162736,0.03992052450242679,0.000716076981516492
airplanes_0037.jpg,0.2592321924303407,0.10651237323333924,0.07085977328666458,0.051692385455725916,0.037510671033928494,0.019305070516070624,0.023670520656780228,0.04174095291530354,0.08501195607845792,0.2701916642512429,0.03336122347931516,0.0009112166628315108
airplanes_0038.jpg,0.19543956055424452,0.13045676267733386,0.08758817966056658,0.06182708193336589,0.04341804472435625,0.015637238309833542,0.024988539630955785,0.03846599769985111,0.08393645454105399,0.2567708398739254,0.060106934576754464,0.001364365817755773
airplanes_0039.jpg,0.21109066247446234,0.11996565258303953,0.08459860517528382,0.06245019176618714,0.05036561778075952,0.02507044436074153,0.027258840441335527,0.04908159211110608,0.09433799493218313,0.22847910790127554,0.0466899000936443,0.0006113903799756294
airplanes_0040.jpg,0.19989564375585644,0.11113595615642513,0.08739567276391093,0.06545415499395711,0.048248697042899885,0.02133565704854583,0.026285590596193082,0.047877216885332516,0.08888131756903264,0.262678084474583,0.03995025893262835,0.0008617497806333688
airplanes_0041.jpg,0.21888722256564835,0.11572904982621493,0.08219974054843568,0.05901300073885725,0.047685402934189464,0.02306966818683116,0.02464777788959817,0.04361459405373953,0.08375127844327121,0.2500704542863827,0.05026603014664362,0.0010657803801871694
airplanes_0042.jpg,0.1965203066381124,0.11441409682840804,0.0890594416520716,0.06580383921602324,0.04971792342332526,0.025708406932448358,0.02981668387268032,0.05038136561858194,0.09324327287808667,0.23961323300168794,0.04481255885081637,0.0009088710877628537
airplanes_0043.jpg,0.2265438047358959,0.11340719554539826,0.07781480382343557,0.05037486065695873,0.03298875635822261,0.01661094710447343,0.02440249413497032,0.044315117728387234,0.08604694659278031,0.2857982872380916,0.04105560560391972,0.0006411804774654916
airplanes_0044.jpg,0.21299585695496465,0.12079194756878554,0.08693198191125144,0.05885062572949304,0.044397471170764514,0.02029200216827939,0.024776998426215408,0.0452175766765424,0.08221080761258602,0.2495916225831928,0.05322163139700736,0.0007214778009146505
airplanes_0045.jpg,0.2006533073512138,0.11706759062947172,0.08416265428029641,0.06709816161678787,0.05447188680059172,0.02595382612312904,0.026878894275221343,0.046646990458852566,0.0905460305519656,0.239177603422698,0.046440342217865804,0.0009027122719083224
airplanes_0046.jpg,0.2423924337498281,0.1232004409886696,0.09658418019846382,0.06871165463124547,0.050194471543347774,0.024698116070213584,0.02584615163298724,0.04001924431327495,0.07198650130898171,0.2141753129870945,0.04141802835104008,0.00077346422484972
airplanes_0047.jpg,0.2387000073510757,0.11487442236556365,0.08944767544640056,0.06580656935150238,0.05406116207420263,0.026277742782552585,0.0251172965927154,0.040771340749324564,0.0730358255665724,0.22349418435599944,0.04795246929161871,0.00046130407246588117
airplanes_0048.jpg,0.1895707909378649,0.10617570522429168,0.09068755078536836,0.06880679455589442,0.05449203426918937,0.026962069563634696,0.03212031971109045,0.0582783543271871,0.1008029271597327,0.2351629120871913,0.03646129943653497,0.000479241942014695
airplanes_0049.jpg,0.2431643759711195,0.1099030980021642,0.07905171271273212,0.059248679797698364,0.04122202030448883,0.018944790549991368,0.019279875975983272,0.03761788385420502,0.07914595483318214,0.277957189691325,0.033965135214837364,0.000499283092270763
airplanes_0050.jpg,0.19781655370961093,0.11378547498012682,0.08351498956657931,0.062066165871259675,0.04990368693064032,0.02497849515369701,0.02823403398144752,0.049894469992245054,0.0932644865626876,0.2500578992046722,0.045562969889062506,0.0009207741579667707
airplanes_0051.jpg,0.23357240815895405,0.1275029941682883,0.09692419190267756,0.06708446397435296,0.05636759551232271,0.031290977016682715,0.02770773573298969,0.04125936769434334,0.0695520150981622,0.2093492983261632,0.03886152165532112,0.0005274307597484004
airplanes_0052.jpg,0.21042077442871834,0.11489300091563832,0.08555797905320134,0.0662562212410984,0.04991828012060028,0.025087933184034367,0.028067496965459692,0.046618032560084136,0.08100703199517477,0.2498774858171281,0.041680802002687034,0.0006149617161723067
airplanes_0053.jpg,0.191882438144373,0.10828092390227824,0.08013503491458003,0.0573170047185233,0.04596329664341138,0.026918059113485767,0.032958012058734484,0.06289424173076155,0.10862396821946133,0.25068330516881066,0.033747494663075195,0.0005962207224999933
airplanes_0054.jpg,0.2287325078223316,0.11004520830259497,0.08698653513004627,0.05641657044931011,0.03636804367596256,0.01727154338838412,0.017328038269062655,0.03899367698309522,0.08686392025532864,0.2885744444737396,0.03163981675023877,0.0007796944999040572
airplanes_0055.jpg,0.2247810726553934,0.12604373428564816,0.08992042275687989,0.06616518496691831,0.0499160149993164,0.02356148057303024,0.026272041994336498,0.04386825297121188,0.08452877173148864,0.21994847505236045,0.04421730508255668,0.0007772429308540344
airplanes_0056.jpg,0.2320753715932357,0.1299271148126907,0.08668882535336768,0.05793765740583191,0.03683988590538452,0.01980841143793986,0.024827194213093224,0.0408324146771904,0.08067886070730687,0.2471917412179609,0.04267813684350705,0.0005143858324864367
airplanes_0057.jpg,0.2121195920424916,0.12099263035756493,0.08982101083276886,0.0638863736971137,0.0474738086673829,0.02142052778612574,0.026072976543238,0.04707904814854468,0.09234292909776698,0.23427297031177016,0.043481408630145185,0.0010367238850900818
airplanes_0058.jpg,0.21868481367935666,0.11530195005513867,0.09304293222790888,0.0689779651622675,0.054048749498481576,0.025125374204483027,0.02467410748552104,0.04142807019826982,0.07838841161494879,0.2287296233679214,0.05038482073676575,0.0012131817689331088
airplanes_0059.jpg,0.2329900424678429,0.10933339894986112,0.07579170737247433,0.05671580670649106,0.04820073306765385,0.027392605299657032,0.026899574813692283,0.047926940958911216,0.08562202476520565,0.25365106651920616,0.03476142930503743,0.0007146697739648768
airplanes_0060.jpg,0.20331733133229826,0.11189936956022986,0.07821855664819298,0.05733938602151401,0.03701218525572343,0.017312461055940958,0.023473819420662727,0.04260196940779866,0.08748706283224318,0.3029108912009999,0.03797589141390778,0.00045107585049140116
airplanes_0061.jpg,0.19706259109279056,0.11615097371504045,0.08737006762755367,0.06537615291794446,0.04971735451377481,0.022488859670004684,0.02590974030973548,0.0489248990542628,0.09736320058930363,0.2467476192594709,0.041989847907589216,0.0008986933425318748
airplanes_0062.jpg,0.2670193421128795,0.13999247002193074,0.08717007824241439,0.05938953493305747,0.04471674741880725,0.02316531237169742,0.027408676983500826,0.04048861118138941,0.06467667790892573,0.21189747598437247,0.033435637885977504,0.000639434955053983
airplanes_0063.jpg,0.2447606891340845,0.1251832657924036,0.08826101414697017,0.05980229965256595,0.04286777260015477,0.02161977222642685,0.02552620789721438,0.04400320634588023,0.08344694949884289,0.2292146177454404,0.03467968278531978,0.0006345221746965879
airplanes_0064.jpg,0.21138292032351647,0.11923975711529974,0.08649522999600448,0.06689005393135193,0.050734315288379836,0.025165330178918324,0.026521815030165246,0.04631219751435337,0.08457771215152604,0.23372251512948905,0.048274643179629824,0.0006835101613603332
airplanes_0065.jpg,0.21596767271582604,0.10784481574952832,0.07869153285288047,0.06092055223087337,0.04503607552078319,0.02212812991388888,0.024768098059797763,0.0470303267200012,0.08771448220163984,0.2662318324285144,0.042852137716622885,0.0008143438896485131
airplanes_0066.jpg,0.21547370944348296,0.12252433653213222,0.08717695423581656,0.05902538335170469,0.04356345983998652,0.023200499875768058,0.02539092755281312,0.04522429031376722,0.09249603773648736,0.25181227250484345,0.03333399727944158,0.0007781313337550357
airplanes_0067.jpg,0.23084195157844345,0.11384389568499804,0.0822378794543394,0.05603606644688257,0.03904479720706678,0.020982196145959864,0.029704449474010613,0.05121715022340607,0.08800257662228131,0.2550512325138519,0.03227922745814776,0.0007585771906133081
airplanes_0068.jpg,0.24148523409629885,0.10841170568558832,0.07695640083885588,0.05638324914084562,0.04212083800270596,0.01984337158830153,0.02519197080204213,0.044853375546613984,0.08932652423890919,0.2609862362381423,0.033537595489592814,0.0009034983321022943
airplanes_0069.jpg,0.221934019476897,0.11228659846559012,0.08639177264782062,0.060031054434507285,0.04452141692968448,0.019530317773473967,0.023917559432082056,0.04392076020494312,0.08353590092328435,0.2623704473090459,0.04074558110200036,0.0008145713006660747
airplanes_0070.jpg,0.19788808591648774,0.10611838663247727,0.08397406895389795,0.056223512561489566,0.040802953402842505,0.02276307461410304,0.030775404550860037,0.05425796286066761,0.10119397317625688,0.26830784123365725,0.036991113766650166,0.000703622330614827
airplanes_0071.jpg,0.2543745445960997,0.11266029495029692,0.08309906781009453,0.05506611709831924,0.035030292136168754,0.017689857774247586,0.02912968746989276,0.05598283580773717,0.10003502742358444,0.2339752481657078,0.02267196451677581,0.0002850622510732601
airplanes_0072.jpg,0.2457005203092277,0.11566116366473746,0.08192172932769795,0.05737877193283196,0.04484747319373955,0.0209419341335435,0.020529509201054275,0.03521726033164866,0.06819244918234825,0.2755672049708387,0.033057576005887324,0.0009844077464483184
airplanes_0073.jpg,0.2050676538789639,0.11303634373999605,0.07761476517374802,0.052740766128813586,0.039921006739961656,0.02232773062364456,0.025935205864122853,0.048182319604095004,0.10604511330903456,0.2753451972780286,0.03324793913826329,0.0005359585213251559
airplanes_0074.jpg,0.23924312756550464,0.123492940554013,0.08598088656853327,0.06024971234183785,0.04786209142858925,0.019311892342589336,0.02145378345792485,0.03283172047866163,0.06901076001522967,0.2431280284762522,0.05657053909010432,0.0008645176807634258
airplanes_0075.jpg,0.237145539026077,0.11423023697944272,0.06776136873649125,0.037505047417521496,0.025373238410962,0.015776015044488743,0.02295072898052378,0.03981004204822119,0.08947864525058746,0.3189819847828422,0.030622412703726287,0.0003647406191167777
airplanes_0076.jpg,0.18201845602224107,0.10799082545155493,0.08436416609943308,0.05798879597593507,0.044325639586297434,0.02340489934640179,0.02965888312222413,0.05770931146772399,0.10949741152728658,0.2677154508496108,0.03469523956449035,0.0006309209868052443
airplanes_0077.jpg,0.22065516436915802,0.10850829768565448,0.08285575583681212,0.06515053461496317,0.048848805034371084,0.02189518051513652,0.02460426542789549,0.044324557681725205,0.08254187943047821,0.2511479601522115,0.0482979327289917,0.0011696665225985287
airplanes_0078.jpg,0.19440517025619491,0.11369315752904655,0.08834673522209267,0.06436284853763938,0.04634409821865155,0.025322683756178684,0.032137824174450866,0.05220693191346697,0.08312921512005565,0.26006750457315114,0.03951061452285152,0.0004732161762208933
airplanes_0079.jpg,0.22690779950158896,0.11154774148106453,0.07900897083631024,0.0602899015494765,0.04946572462152323,0.023054325109430368,0.022736055484193832,0.04203125211348648,0.08978354783549708,0.2479404016666877,0.04646989086236393,0.0007643889383761634
airplanes_0080.jpg,0.2023646915303917,0.1188787622269915,0.09139501009682036,0.06394794129932774,0.048597077694689336,0.02406014824450245,0.026055280696587337,0.04699037336780832,0.08755408584059557,0.24047257812238115,0.04915494198973102,0.0005291088901715073
airplanes_0081.jpg,0.21862974902460786,0.11637015281386072,0.08710871067991753,0.06613103102234362,0.050929379916182516,0.02318707625542597,0.025086129313172785,0.046008705114487285,0.09470091897183427,0.2294398493826146,0.04165662967644533,0.0007516678291134086
airplanes_0082.jpg,0.1978790841724376,0.11616256644600792,0.08428188879610156,0.05971106244415032,0.0437421133972213,0.02669787874857926,0.034048668766678565,0.057922423337006215,0.09549289885308997,0.2498580651635586,0.03368043712014185,0.0005229127550227955
airplanes_0083.jpg,0.2001346268900824,0.10494905468309136,0.08008892918852417,0.05720711329266982,0.04476048066360702,0.02486470275090597,0.03285245213051268,0.05820471237553281,0.10406391611324498,0.2573937958322396,0.03491632886535788,0.0005638872142296242
airplanes_0084.jpg,0.2063092632374934,0.12734627483040892,0.09103655399690834,0.06176170858072105,0.040553369498388336,0.0187743278214032,0.023976461991241715,0.04538980588348622,0.08848704412721091,0.25413879907537384,0.04138309117622052,0.0008432997811361777
airplanes_0085.jpg,0.18929210679938774,0.11913933759841515,0.08308717946964944,0.05941281413755226,0.04595524791955294,0.024210676396674846,0.03168243397347137,0.05631433478190422,0.0975658358327931,0.2555746504617498,0.037061584648302594,0.0007037979805440714
airplanes_0086.jpg,0.2269009082654341,0.10848848687885873,0.0761574039051126,0.05566465088204185,0.0495121107451236,0.02202763131082297,0.022747409720133192,0.038806647228415335,0.08409127309560463,0.2671406739476393,0.047379068023639344,0.0010837359971707851
airplanes_0087.jpg,0.20303882415168467,0.11295155466859075,0.08211897236616124,0.0651953876853019,0.05230637066416047,0.02619270794193251,0.030936161513218537,0.053573186978257664,0.09646546249979217,0.23900019082138024,0.03743231928520445,0.0007888614243110895
airplanes_0088.jpg,0.24347698373220025,0.11528740789745524,0.085634790285604,0.06059244271898932,0.05087822514144502,0.022753361262419475,0.021710865705879368,0.036056585749788914,0.0661534986544606,0.24709767735671365,0.049634132949346335,0.0007240285457003581
airplanes_0089.jpg,0.2216261113456954,0.12152799312111515,0.09297686273981964,0.0643802378974118,0.04756250477033727,0.024531526191715745,0.029501410856717168,0.04809811941356982,0.07731311139024923,0.2248453399264565,0.046713388725616985,0.0009233936212931696
airplanes_0090.jpg,0.21233507628334247,0.11740983916663646,0.08768445255656487,0.06181521343557296,0.0396268019633594,0.01954602671055934,0.030536381180967295,0.05557385147273319,0.0898555255467979,0.2499908564841787,0.03503698914609875,0.0005889860531879548
airplanes_0091.jpg,0.19283278089053932,0.12160228913210668,0.08832717222602128,0.0657187230571697,0.05228572194234425,0.02262008028522514,0.02534061161756318,0.049641564398492016,0.09153945154898564,0.2399074147695917,0.049030601468938534,0.001153588663022378
airplanes_0092.jpg,0.20131541683055576,0.11513994551451324,0.08536653750714196,0.06351713594206107,0.04631602599489646,0.020447963487121586,0.02688260174425555,0.05666917301732185,0.09876208108735016,0.2474376737070576,0.037658111665301024,0.00048733350242595165
airplanes_0093.jpg,0.21128964975113013,0.1190934851432352,0.08229728604104314,0.0635146514316594,0.05043449763840428,0.022747512357502667,0.02539080427658371,0.043550536532526905,0.08751315291924164,0.24130747083943616,0.051693800847167175,0.001167152222065039
airplanes_0094.jpg,0.2429847268116325,0.1294518923561705,0.08809580474221645,0.06184869527731584,0.04633760118248792,0.021191514997731743,0.02540921596391393,0.039499958986480566,0.0768119989644846,0.22289569435756856,0.04476203732674725,0.00071085903325326
airplanes_0095.jpg,0.18831680634589434,0.10158197690897296,0.075982161182429,0.060279360274847836,0.04758610568981223,0.024103687559238158,0.02722873223648287,0.04947391228391173,0.10184982988035876,0.2794068215803325,0.043492495795410216,0.0006981102623176624
airplanes_0096.jpg,0.21712123550328707,0.10132329777946676,0.07887811681321913,0.061997115582447124,0.04524063143228805,0.02015540821333401,0.02755958630234066,0.05420364202762897,0.09922261371086816,0.2566468243925277,0.036981567681628594,0.0006699605609682318
airplanes_0097.jpg,0.22338084013154727,0.11201134126071287,0.08247857768788616,0.06774908605816601,0.05441512027129866,0.025177978688877355,0.02539283145627624,0.04302587684059972,0.08369524706016912,0.2357922527760355,0.04609632472788282,0.0007845230405403461
airplanes_0098.jpg,0.18227619922109345,0.1165288101401025,0.08758090110391123,0.07364388302354194,0.06011626660926436,0.030210145268383694,0.02774185311846504,0.047812423434592716,0.08892840125418375,0.2439829997712417,0.04053606065395771,0.0006420564012630789
airplanes_0099.jpg,0.2123119144867887,0.11417774800807196,0.08112183622583181,0.06279125838138576,0.05048797419340288,0.028625861985395844,0.03435684676246913,0.055057947238110486,0.09209653843741776,0.2315105615226555,0.03702921917491821,0.00043229358355087244
airplanes_0100.jpg,0.20712600942962825,0.12113662502629455,0.09324790030507786,0.06438023275415954,0.04727716018893385,0.023951127155265064,0.029430803755229887,0.05291902655962962,0.09068559756939154,0.231080673875565,0.037212800936907306,0.0015520424439140234
airplanes_0101.jpg,0.2318315207042445,0.10682433756847927,0.0799259214687978,0.06516181959568608,0.05672485899531138,0.031043857977824583,0.026183223052359948,0.0447480045578968,0.07830024211511177,0.2436902878101005,0.035085260286630116,0.00048066586755366814
airplanes_0102.jpg,0.2298700669746185,0.1232795705855304,0.0875546759483877,0.06066892648488821,0.04695084274038278,0.02249066270519702,0.02521565828076653,0.040724337360770295,0.08234088885749702,0.2413764328513125,0.03897661790783235,0.0005513193028151549
airplanes_0103.jpg,0.2461714661770193,0.11970399346855695,0.07746925656159738,0.0573378430529523,0.04573709000930915,0.01906164368748732,0.02252929618388621,0.03952770410278834,0.0797424302718288,0.2477571085614269,0.0439122507378807,0.0010499171852638117
airplanes_0104.jpg,0.2077549122353213,0.11165599412813736,0.07804215568531406,0.06405396699877011,0.05034769676432952,0.03007994651700324,0.03588509501345378,0.056454539264755216,0.10468946108310832,0.2329355745014472,0.02749748864260296,0.0006031691657575004
airplanes_0105.jpg,0.22857815239576404,0.12194000029841992,0.09319523502865393,0.0712755060664632,0.0575877139379478,0.03457007309256384,0.03649109790096222,0.053182262819368484,0.08392917927242625,0.1841115146935559,0.034579323319402264,0.0005599411744676584
airplanes_0106.jpg,0.20657565333270891,0.10467104858709536,0.08741940826770325,0.059121019674679726,0.04716490477295378,0.022942744946705645,0.026305867917531096,0.050719365900873684,0.10468721020924228,0.2568041223187025,0.03312674537402275,0.0004619086977844953
airplanes_0107.jpg,0.21534526786452152,0.1157809317505954,0.0816708909786451,0.06080581619242899,0.0438149759013881,0.022585897699189318,0.03329397455131888,0.06349966860531621,0.10197345120067036,0.2285800303920361,0.03212907350556204,0.0005200213583283076
airplanes_0108.jpg,0.21091249267832252,0.13741594866695714,0.09307635800233884,0.0684652937889556,0.05226116585928789,0.025911003899423368,0.02743060412894481,0.048694415692326784,0.0828875301300947,0.2078058494076604,0.044526232419091163,0.0006131053265978282
airplanes_0109.jpg,0.2239111781541996,0.1282611007556441,0.08666833717195542,0.05628617353855391,0.043609029171058696,0.01986675808897646,0.025284821299478264,0.04266981004077585,0.08360038143369977,0.23917417485194165,0.04965113824530076,0.0010170972484206174
airplanes_0110.jpg,0.22782897671732802,0.11924073637920582,0.08741825032107027,0.06671652540119477,0.04993864864820067,0.02436944684456144,0.02588181262912856,0.0455113123717632,0.08143160924729077,0.22904977103805665,0.04199705502619052,0.0006158553760163246
airplanes_0111.jpg,0.2376644129028784,0.117979166291214,0.07749547306777019,0.04587505191552421,0.032393554348144026,0.017787247752698306,0.023350214289757303,0.040197742630461566,0.08354549944076131,0.2906612717836237,0.032638029265279936,0.0004123363118806076
airplanes_0112.jpg,0.23124882399067376,0.12638559889950318,0.08272785159854415,0.05671464745271159,0.03775798565364638,0.02089619855953277,0.02877976419831452,0.04953920153071623,0.08617749779058176,0.244278357576635,0.03505059126235985,0.00044348148678085
airplanes_0113.jpg,0.2232583161669027,0.11581454945135852,0.08299578509319087,0.06049188816821158,0.04866886916959813,0.024251470610009214,0.024706283001386355,0.04532974997346274,0.0909860383905985,0.24321927375364244,0.03962692859547868,0.0006508476261572446
airplanes_0114.jpg,0.21639970716579368,0.1225099612966915,0.08745305380747541,0.0629082016152511,0.04403373234544397,0.023773593881675683,0.03101067586550517,0.05513323108041958,0.09279143096510643,0.2341462846719285,0.029329207845849737,0.0005109194588598658
airplanes_0115.jpg,0.2260118680910381,0.11168303661124436,0.08054951761941026,0.06089109740542033,0.043312401435231344,0.02078292516451373,0.028737090050927706,0.05261046833378776,0.0859581081864852,0.2521229567980604,0.03681322914319556,0.000527301160687324
airplanes_0116.jpg,0.1924533498320969,0.12651162610425795,0.08444859614170687,0.06130365845587062,0.04802662309611494,0.023334176802759826,0.024751412146047886,0.04508403936309602,0.1068013410558033,0.2451643857167813,0.04137111622720538,0.000749675058265718
airplanes_0117.jpg,0.18485760206349008,0.11248471305070616,0.08469362300299074,0.0663271862615725,0.05344502636935272,0.024748214211788317,0.027510283244350345,0.049249149177963296,0.09209118522582824,0.25961501208369603,0.04406736876661485,0.0009106365416405324
airplanes_0118.jpg,0.24298667074363345,0.11921370736753058,0.08484937750005139,0.062151395134977125,0.04966395677556007,0.02473492305876904,0.025395295218648986,0.04270614615388112,0.08130085273163279,0.23432565868880706,0.03191790874997457,0.0007541078765389023
airplanes_0119.jpg,0.20736128928154432,0.13046246282863194,0.09642379861876957,0.062454553646790076,0.03920061515849229,0.0138338883212294,0.02298027894977404,0.03706095947028428,0.07902772711467204,0.2558780675252964,0.054572895657437975,0.0007434634270783027
airplanes_0120.jpg,0.22452909439472665,0.13118362930795902,0.09053272050605916,0.06342793931111762,0.05313053198729796,0.026074301232938843,0.0274326862996543,0.04573092734836378,0.08584870437149403,0.21205801125353926,0.03908070460160409,0.0009707493852487859
airplanes_0121.jpg,0.19322371355268653,0.1103439671746595,0.0895658698611189,0.06709500488076679,0.056831987888795774,0.027043736025625032,0.031286669998550815,0.05751792277587845,0.10336500981038983,0.2259658020554081,0.037155659881065485,0.0006046560950541989
airplanes_0122.jpg,0.1724861629270233,0.12034491100552125,0.08613125946654357,0.06086422213224324,0.04690088477616155,0.022296078015320697,0.027024728942774183,0.050946095323792254,0.1062450613242491,0.2607414033574744,0.045183975671788265,0.0008352170571110926
airplanes_0123.jpg,0.2152392843530724,0.12654739251706892,0.08941839546981163,0.06121315013263854,0.046825390400130264,0.021469283415737738,0.02870831948887141,0.04948966345567397,0.09002510522129874,0.2378685397187949,0.03268502393288585,0.000510451894009268
airplanes_0124.jpg,0.19699521981960025,0.1059285360161303,0.08196231229040526,0.05619884980540736,0.04216421466740099,0.02428850941432957,0.02852648334426335,0.05077984728264048,0.10115532736827312,0.2789040548165709,0.032005693601873685,0.0010909515731040954
airplanes_0125.jpg,0.20052543792096425,0.135564474492731,0.09339810737464084,0.06054312814467073,0.047292615888125236,0.021320979385844083,0.022703861091863103,0.04231202608466668,0.08949256591029264,0.24391598686833346,0.04233443429721567,0.0005963825406515728
airplanes_0126.jpg,0.19413134232742515,0.12620392033025374,0.0913848581323343,0.06687101697368547,0.05216102743384852,0.023903346655117258,0.024767321336072862,0.045235983900198236,0.09218227008605924,0.2369037404451429,0.045468934323674916,0.0007862380561897696
airplanes_0127.jpg,0.2171488243439748,0.10000915704239564,0.07605961265570335,0.06146466533841517,0.04686329902157893,0.023622710327347727,0.02887577105119271,0.05045467240078585,0.09396449041835923,0.26381029231760883,0.03715386788776158,0.0005726371948809977
airplanes_0128.jpg,0.19656599996339635,0.12951703749613758,0.08304953264265949,0.059483879461301986,0.054161775334120914,0.025703989414295667,0.02325100452926608,0.039309526015253,0.08517154518451303,0.2507062658955881,0.051343150563355006,0.001736293500112424
airplanes_0129.jpg,0.2143734193586556,0.12067002415222555,0.08667282236849419,0.05547250474335737,0.04042916626558348,0.018349459956373475,0.02388888964950751,0.04403131080026938,0.08464826998450102,0.26770920490935657,0.04307111797023104,0.0006838098414464832
airplanes_0130.jpg,0.2562555858611991,0.11508716238013646,0.07600786453204479,0.05265424188043828,0.03546070038609561,0.019390673985861355,0.028276832923582736,0.052009578313793575,0.09709520579275398,0.2445255374359689,0.02286149830491136,0.0003751182032138644
airplanes_0131.jpg,0.19244049247834186,0.1259057437712362,0.0956781495344559,0.06946519468206286,0.05487893390294797,0.024899284919892423,0.0263249643810354,0.0469995215007761,0.0884106850361859,0.23153285161553985,0.0425464609597249,0.0009177172177957355
airplanes_0132.jpg,0.2575052777281577,0.12643116099720209,0.08461992835707459,0.05997592967974817,0.049103722879807785,0.020195811557999262,0.024277849686637064,0.041322177201297834,0.07808025315051242,0.21100597906179447,0.04669014153468677,0.0007917681650871099
airplanes_0133.jpg,0.2370446345719933,0.15088756274322773,0.09167976782149566,0.06693239434379268,0.039708577176029984,0.02029465712781332,0.029382569920044625,0.04749734209457315,0.08204601525142184,0.20706380915804687,0.027008814718983143,0.00045385507257318897
airplanes_0134.jpg,0.21349169711165766,0.11673238790028173,0.08835041187803602,0.06883296190214194,0.05414527862620255,0.021676442700661068,0.025914983023178264,0.043500546445027335,0.08946100103753522,0.23909266150471106,0.03837900737687879,0.00042262049368420416
airplanes_0135.jpg,0.18975910885098848,0.11889773409807936,0.08052916842402247,0.057149114922633075,0.041898837355979976,0.02032420086635588,0.02482080278525917,0.04484701539253786,0.10076588508473372,0.2786670147368081,0.041674744502794084,0.0006663729798065647
airplanes_0136.jpg,0.23374474156305602,0.12428927621148984,0.08673267972327632,0.061209578606052875,0.042951338412488056,0.023179330168802515,0.026582303804717017,0.04290685177610882,0.08265582850160777,0.2410289298455973,0.03413488419931745,0.0005842571874801867
airplanes_0137.jpg,0.2156417658817948,0.1047362742246386,0.07829950072142154,0.060300659089612976,0.047700098066450966,0.017994338127517842,0.02143656913359152,0.03694183991677645,0.0828451560995055,0.2789621909347563,0.054051247675681716,0.0010903601282571359
airplanes_0138.jpg,0.20389149090015832,0.11336375833379488,0.07508077996199636,0.05798537644489792,0.05079457014377157,0.01741472305841155,0.02314238127958873,0.03826624203058607,0.08477462683274131,0.2825718744366804,0.05209988684417489,0.0006142897331962281
airplanes_0139.jpg,0.2560684505374733,0.13006136757644735,0.08844070951171214,0.060084389352261215,0.042001650495797835,0.01851381331125812,0.029043102179476962,0.04591933386312071,0.07950716958386818,0.2133681409975063,0.03607799299907352,0.000913879592000063
airplanes_0140.jpg,0.22406219400098826,0.1137566380803313,0.08284788317421711,0.05467031579705183,0.041457687265918745,0.01839994785647734,0.028035601318184347,0.04576578540767592,0.08918866191127238,0.25828845126770283,0.04243865828874279,0.0010881756314405505
airplanes_0141.jpg,0.18490823498811668,0.10490519638915097,0.07746979132210244,0.053741692246166005,0.04245433065520776,0.023387006706829583,0.02818456198600111,0.055483197544178534,0.1089128391985825,0.28793815687975355,0.03217051054971872,0.000444481534186654
airplanes_0142.jpg,0.18439519387647574,0.11190294296196723,0.09331777633521914,0.06839392203000122,0.05341083242327317,0.0250426705576913,0.02831019154606328,0.052033494978814585,0.10383202369227043,0.24064487967069725,0.03808011577234968,0.0006359561551740046
airplanes_0143.jpg,0.17638508999035038,0.11877898440086201,0.08890167630697296,0.07076627426641775,0.06356273063324598,0.027613114996634908,0.02480671396553704,0.04462591121192202,0.0961453957103742,0.2440027285291488,0.043503527371989835,0.0009078526165471432
airplanes_0144.jpg,0.22149573130478176,0.11434603334061642,0.08337025437882196,0.06045492115086772,0.0495799816081102,0.02055632465331779,0.022454004390872948,0.0417050620427231,0.08739510417858752,0.2566149541413657,0.041320550174634166,0.0007070786353025598
airplanes_0145.jpg,0.258402479936167,0.1262774510110271,0.09289433853116018,0.062388643317836,0.04046466857029584,0.02513104752927345,0.0342484500536538,0.05342874767565127,0.08501325762241863,0.2025822209376988,0.018836933459175687,0.0003317613556421532
airplanes_0146.jpg,0.2697048071090292,0.12126959089044928,0.09082876849483244,0.06652019813849483,0.050331259950589784,0.020735544288330385,0.02662013587668013,0.04468139735701788,0.07871762298258528,0.20037071256667496,0.02981487099087668,0.0004050913544409576
airplanes_0147.jpg,0.2150391750808797,0.10376000567521053,0.07986941542116177,0.06728557282433896,0.050852250178963165,0.020057001645160367,0.0248750905541216,0.04535593537754734,0.09244867422572696,0.2535041595870307,0.04582331299040132,0.0011294064394558483
airplanes_0148.jpg,0.2544719214777897,0.12466443145430853,0.08624081505580776,0.06073151278158884,0.049301277493527584,0.021624326631487868,0.022856090598765425,0.039790286036743235,0.07867880696009845,0.22247017678735173,0.03853911040606362,0.0006312443164652131
airplanes_0149.jpg,0.2248778296301448,0.12679198571186276,0.08874877131731536,0.06401345381428145,0.04722463446011963,0.0227384246494298,0.02618722846819711,0.04995560079915747,0.09522987426581757,0.22284860286729968,0.03094115229591773,0.0004424417204542914
airplanes_0150.jpg,0.2439273590987764,0.1075817146666386,0.07824547613552889,0.06348632054820386,0.045002542328508366,0.019361592193618656,0.02442250148096905,0.04046646031612199,0.08503951840581969,0.24949911999877136,0.042114344550911766,0.0008530502761329747
airplanes_0151.jpg,0.2218469009444662,0.11675653510808626,0.08208911069356402,0.06196238355051145,0.04981501907073922,0.01932747658047622,0.02109297297099417,0.03665537827564879,0.08785076082922176,0.2593912865455153,0.04259553578211045,0.0006166396486685312
airplanes_0152.jpg,0.22344129273564226,0.12190336978253095,0.09132210645040684,0.06335792879789126,0.0482653354542534,0.02149623201659617,0.02550542680634104,0.04411548917340767,0.08250805877540587,0.2261582185122585,0.05043784681620653,0.0014886946790606055
